100
11
100 100 86 92 39 58 33 81 44 56 21 
0 0 1 0 0 0 1 0 0 0 0 
123 3 4
11
82 60 44 60 70 92 30 34 95 81 56 
0 0 1 0 0 0 1 0 0 0 0 
142 3 2
11
27 11 26 61 84 2 74 38 39 24 13 
0 0 1 0 0 0 1 0 0 0 0 
136 2 3
11
33 61 83 81 72 20 63 99 35 56 20 
0 0 1 0 0 0 1 0 0 0 0 
112 3 5
11
80 87 30 43 93 88 84 73 31 45 95 
0 0 1 0 0 0 1 0 0 0 0 
57 4 3
11
60 3 40 82 20 18 15 81 91 20 1 
0 0 1 0 0 0 1 0 0 0 0 
75 4 5
11
60 42 64 18 63 48 64 93 58 30 93 
0 0 1 0 0 0 1 0 0 0 0 
75 4 2
11
60 74 26 3 19 32 48 15 76 63 35 
0 0 1 0 0 0 1 0 0 0 0 
127 4 2
11
5 17 21 0 1 2 73 27 23 6 68 
0 0 1 0 0 0 1 0 0 0 0 
63 3 2
11
43 65 27 79 53 59 72 42 59 43 96 
0 0 1 0 0 0 1 0 0 0 0 
98 3 3
11
19 78 25 80 20 81 60 33 88 80 93 
0 0 1 0 0 0 1 0 0 0 0 
69 5 3
11
35 52 34 50 46 50 94 9 92 75 81 
0 0 1 0 0 0 1 0 0 0 0 
58 3 2
11
35 47 70 8 51 4 43 93 17 8 58 
0 0 1 0 0 0 1 0 0 0 0 
95 5 3
11
13 56 61 1 71 77 97 51 98 11 30 
0 0 1 0 0 0 1 0 0 0 0 
67 5 3
11
84 42 53 3 22 36 31 4 92 40 12 
0 0 1 0 0 0 1 0 0 0 0 
148 2 4
11
42 50 5 10 72 81 14 100 75 28 62 
0 0 1 0 0 0 1 0 0 0 0 
115 4 4
11
65 26 9 21 80 80 84 7 91 56 19 
0 0 1 0 0 0 1 0 0 0 0 
134 5 5
11
35 82 75 90 10 60 1 65 54 81 86 
0 0 1 0 0 0 1 0 0 0 0 
56 4 5
11
45 34 100 71 14 3 6 59 40 67 0 
0 0 1 0 0 0 1 0 0 0 0 
77 2 4
11
8 67 3 54 74 39 36 37 97 39 43 
0 0 1 0 0 0 1 0 0 0 0 
130 5 4
11
88 56 51 10 23 80 30 29 34 90 59 
0 0 1 0 0 0 1 0 0 0 0 
136 2 4
11
100 60 72 34 7 44 45 85 81 84 8 
0 0 1 0 0 0 1 0 0 0 0 
98 5 5
11
20 17 64 28 66 70 91 23 83 70 34 
0 0 1 0 0 0 1 0 0 0 0 
148 2 2
11
9 83 65 3 80 77 14 97 98 33 5 
0 0 1 0 0 0 1 0 0 0 0 
128 3 4
11
19 22 76 72 48 21 75 92 7 42 14 
0 0 1 0 0 0 1 0 0 0 0 
147 5 4
11
64 75 53 28 83 2 82 27 27 56 73 
0 0 1 0 0 0 1 0 0 0 0 
111 5 2
11
24 3 76 69 24 2 61 61 44 46 44 
0 0 1 0 0 0 1 0 0 0 0 
57 2 5
11
3 60 12 64 97 95 63 83 25 56 0 
0 0 1 0 0 0 1 0 0 0 0 
111 4 4
11
40 61 70 92 14 40 97 32 50 50 1 
0 0 1 0 0 0 1 0 0 0 0 
123 2 3
11
58 57 20 62 3 95 28 51 35 50 52 
0 0 1 0 0 0 1 0 0 0 0 
100 2 5
11
17 78 79 47 37 74 3 98 12 74 95 
0 0 1 0 0 0 1 0 0 0 0 
107 4 3
11
56 22 84 7 18 90 18 19 32 81 29 
0 0 1 0 0 0 1 0 0 0 0 
92 4 4
11
89 92 97 94 72 87 28 38 28 46 18 
0 0 1 0 0 0 1 0 0 0 0 
125 5 2
11
50 8 84 75 17 2 100 49 31 83 64 
0 0 1 0 0 0 1 0 0 0 0 
65 5 2
11
61 8 83 47 98 85 1 68 32 18 99 
0 0 1 0 0 0 1 0 0 0 0 
56 2 4
11
42 32 16 12 34 29 56 6 7 79 86 
0 0 1 0 0 0 1 0 0 0 0 
83 3 4
11
53 33 93 39 6 100 90 88 18 22 89 
0 0 1 0 0 0 1 0 0 0 0 
61 4 5
11
35 54 25 96 14 13 99 75 62 12 52 
0 0 1 0 0 0 1 0 0 0 0 
64 4 3
11
82 56 5 45 85 6 50 89 40 62 27 
0 0 1 0 0 0 1 0 0 0 0 
115 3 2
11
28 79 82 12 0 74 99 5 2 65 75 
0 0 1 0 0 0 1 0 0 0 0 
62 3 3
11
9 4 91 92 3 79 81 69 99 24 10 
0 0 1 0 0 0 1 0 0 0 0 
84 5 2
11
1 40 39 50 89 22 63 10 91 75 0 
0 0 1 0 0 0 1 0 0 0 0 
109 4 2
11
85 37 3 1 94 32 4 3 31 10 17 
0 0 1 0 0 0 1 0 0 0 0 
133 4 5
11
39 2 27 52 8 37 44 61 47 47 0 
0 0 1 0 0 0 1 0 0 0 0 
66 5 3
11
34 97 34 84 49 89 66 15 59 53 72 
0 0 1 0 0 0 1 0 0 0 0 
69 2 4
11
81 90 93 74 57 62 20 25 47 45 27 
0 0 1 0 0 0 1 0 0 0 0 
79 2 2
11
50 20 8 86 2 92 45 58 80 56 82 
0 0 1 0 0 0 1 0 0 0 0 
136 5 2
11
38 61 35 12 80 58 50 77 92 33 50 
0 0 1 0 0 0 1 0 0 0 0 
101 3 5
11
41 83 89 87 86 62 100 70 23 2 18 
0 0 1 0 0 0 1 0 0 0 0 
136 3 3
11
28 87 80 35 84 66 91 47 26 28 17 
0 0 1 0 0 0 1 0 0 0 0 
132 4 3
11
24 72 12 56 66 7 66 75 6 49 12 
0 0 1 0 0 0 1 0 0 0 0 
98 3 2
11
0 72 77 95 39 80 37 13 58 83 86 
0 0 1 0 0 0 1 0 0 0 0 
132 5 3
11
78 72 69 21 1 28 97 42 95 49 53 
0 0 1 0 0 0 1 0 0 0 0 
141 4 4
11
12 54 61 84 16 47 14 87 95 33 35 
0 0 1 0 0 0 1 0 0 0 0 
66 3 5
11
61 14 64 92 97 30 66 100 43 95 37 
0 0 1 0 0 0 1 0 0 0 0 
125 2 2
11
52 46 64 76 58 2 82 34 75 68 48 
0 0 1 0 0 0 1 0 0 0 0 
129 2 4
11
10 46 84 52 82 7 82 67 39 57 86 
0 0 1 0 0 0 1 0 0 0 0 
106 2 3
11
5 21 46 69 15 75 100 0 80 96 92 
0 0 1 0 0 0 1 0 0 0 0 
56 5 3
11
49 17 84 46 69 24 71 62 3 45 60 
0 0 1 0 0 0 1 0 0 0 0 
103 2 3
11
24 61 86 65 63 12 70 72 64 26 1 
0 0 1 0 0 0 1 0 0 0 0 
70 2 5
11
33 37 63 52 0 14 37 7 16 12 59 
0 0 1 0 0 0 1 0 0 0 0 
64 2 3
11
70 2 27 12 2 22 76 77 14 25 94 
0 0 1 0 0 0 1 0 0 0 0 
121 2 2
11
59 25 92 54 65 64 88 76 89 45 34 
0 0 1 0 0 0 1 0 0 0 0 
129 4 2
11
89 75 64 57 73 74 74 77 63 61 55 
0 0 1 0 0 0 1 0 0 0 0 
139 4 4
11
39 59 68 6 8 17 30 20 1 96 92 
0 0 1 0 0 0 1 0 0 0 0 
75 2 2
11
71 9 72 29 59 64 19 16 46 46 76 
0 0 1 0 0 0 1 0 0 0 0 
125 4 5
11
19 91 73 10 24 63 44 49 78 46 73 
0 0 1 0 0 0 1 0 0 0 0 
87 5 3
11
5 16 74 20 78 80 77 34 76 88 9 
0 0 1 0 0 0 1 0 0 0 0 
126 3 2
11
80 56 19 74 2 38 19 62 39 35 6 
0 0 1 0 0 0 1 0 0 0 0 
76 5 4
11
94 88 99 3 98 7 35 47 11 67 76 
0 0 1 0 0 0 1 0 0 0 0 
99 5 5
11
39 66 58 82 79 12 96 48 73 37 32 
0 0 1 0 0 0 1 0 0 0 0 
75 3 3
11
41 47 76 74 13 62 71 21 64 41 65 
0 0 1 0 0 0 1 0 0 0 0 
110 3 3
11
2 29 41 14 17 20 54 54 50 40 7 
0 0 1 0 0 0 1 0 0 0 0 
69 2 3
11
32 88 91 53 89 32 53 75 15 27 27 
0 0 1 0 0 0 1 0 0 0 0 
68 2 4
11
40 20 65 61 59 90 56 72 62 57 19 
0 0 1 0 0 0 1 0 0 0 0 
120 5 4
11
48 68 5 33 44 55 76 72 54 28 21 
0 0 1 0 0 0 1 0 0 0 0 
79 3 3
11
54 38 34 5 45 100 33 98 50 61 76 
0 0 1 0 0 0 1 0 0 0 0 
110 5 3
11
92 3 13 87 67 30 9 87 96 13 34 
0 0 1 0 0 0 1 0 0 0 0 
68 4 4
11
1 45 77 1 3 74 63 22 72 78 72 
0 0 1 0 0 0 1 0 0 0 0 
129 2 2
11
15 71 8 70 7 63 13 45 95 25 82 
0 0 1 0 0 0 1 0 0 0 0 
55 3 4
11
81 26 38 85 49 11 57 40 0 30 89 
0 0 1 0 0 0 1 0 0 0 0 
91 3 5
11
16 60 85 49 30 83 65 35 41 16 3 
0 0 1 0 0 0 1 0 0 0 0 
69 5 4
11
37 8 17 30 90 42 50 28 54 65 47 
0 0 1 0 0 0 1 0 0 0 0 
146 3 2
11
29 18 34 31 86 0 75 49 98 83 79 
0 0 1 0 0 0 1 0 0 0 0 
98 5 5
11
73 56 18 82 28 83 89 95 47 2 68 
0 0 1 0 0 0 1 0 0 0 0 
125 5 2
11
75 17 83 79 97 56 85 8 19 94 92 
0 0 1 0 0 0 1 0 0 0 0 
72 2 4
11
61 36 26 20 37 41 56 72 98 52 14 
0 0 1 0 0 0 1 0 0 0 0 
53 3 4
11
81 3 32 79 37 14 73 18 58 37 89 
0 0 1 0 0 0 1 0 0 0 0 
50 2 3
11
79 37 31 21 96 11 95 76 99 50 11 
0 0 1 0 0 0 1 0 0 0 0 
144 2 3
11
25 81 15 30 56 92 35 58 24 29 80 
0 0 1 0 0 0 1 0 0 0 0 
81 4 3
11
1 29 39 98 35 1 91 42 32 6 37 
0 0 1 0 0 0 1 0 0 0 0 
129 5 3
11
97 100 78 69 96 38 82 76 30 69 24 
0 0 1 0 0 0 1 0 0 0 0 
101 4 5
11
84 58 8 21 53 11 90 34 63 56 6 
0 0 1 0 0 0 1 0 0 0 0 
63 4 4
11
98 9 82 75 58 80 9 33 75 22 28 
0 0 1 0 0 0 1 0 0 0 0 
112 5 2
11
83 98 19 59 50 55 37 38 40 28 49 
0 0 1 0 0 0 1 0 0 0 0 
69 2 2
11
37 41 89 58 9 7 62 4 57 40 1 
0 0 1 0 0 0 1 0 0 0 0 
136 4 3
11
80 16 29 50 54 28 63 98 30 81 85 
0 0 1 0 0 0 1 0 0 0 0 
86 2 4
11
29 28 68 1 66 74 13 51 22 6 59 
0 0 1 0 0 0 1 0 0 0 0 
50 3 4
11
90 63 80 97 38 83 76 31 47 86 5 
0 0 1 0 0 0 1 0 0 0 0 
142 2 3
11
56 2 31 77 45 70 43 50 44 55 19 
0 0 1 0 0 0 1 0 0 0 0 
115 4 4
