100
11
93 66 44 80 56 57 78 92 99 49 18 
0 0 1 0 0 0 1 0 0 0 0 
114 2 3
11
21 99 18 53 81 98 13 40 73 38 13 
0 0 1 0 0 0 1 0 0 0 0 
68 4 2
11
41 40 66 40 49 31 74 74 32 37 68 
0 0 1 0 0 0 1 0 0 0 0 
131 2 2
11
68 60 48 56 32 71 91 68 42 38 37 
0 0 1 0 0 0 1 0 0 0 0 
62 4 2
11
74 56 28 17 34 17 97 62 77 48 39 
0 0 1 0 0 0 1 0 0 0 0 
56 5 3
11
34 19 58 3 81 37 89 77 42 43 51 
0 0 1 0 0 0 1 0 0 0 0 
122 4 2
11
6 46 74 12 44 68 32 34 25 94 80 
0 0 1 0 0 0 1 0 0 0 0 
115 3 3
11
49 99 14 95 64 79 72 90 25 92 29 
0 0 1 0 0 0 1 0 0 0 0 
65 2 2
11
74 76 87 50 71 56 29 80 49 69 62 
0 0 1 0 0 0 1 0 0 0 0 
78 5 3
11
71 17 31 4 76 100 26 1 3 81 97 
0 0 1 0 0 0 1 0 0 0 0 
105 5 3
11
69 42 76 1 58 95 88 92 76 95 21 
0 0 1 0 0 0 1 0 0 0 0 
51 4 4
11
35 87 75 88 85 78 10 72 11 1 2 
0 0 1 0 0 0 1 0 0 0 0 
118 3 2
11
63 10 46 34 19 40 82 95 84 74 74 
0 0 1 0 0 0 1 0 0 0 0 
126 5 4
11
56 30 19 48 60 96 35 38 58 42 58 
0 0 1 0 0 0 1 0 0 0 0 
126 5 5
11
20 99 89 54 92 84 96 11 86 40 7 
0 0 1 0 0 0 1 0 0 0 0 
74 4 5
11
67 79 94 97 7 24 17 69 35 13 23 
0 0 1 0 0 0 1 0 0 0 0 
119 5 4
11
35 9 75 79 60 23 83 14 16 36 95 
0 0 1 0 0 0 1 0 0 0 0 
88 3 4
11
74 97 57 12 91 79 51 32 62 7 9 
0 0 1 0 0 0 1 0 0 0 0 
101 2 5
11
48 85 100 65 86 12 25 78 45 67 27 
0 0 1 0 0 0 1 0 0 0 0 
146 5 4
11
49 96 32 53 71 95 91 51 6 94 68 
0 0 1 0 0 0 1 0 0 0 0 
79 5 2
11
92 21 26 87 8 76 47 5 74 27 15 
0 0 1 0 0 0 1 0 0 0 0 
122 3 4
11
68 8 41 92 42 73 23 99 57 8 79 
0 0 1 0 0 0 1 0 0 0 0 
116 2 3
11
27 62 74 64 50 0 22 69 76 10 16 
0 0 1 0 0 0 1 0 0 0 0 
118 3 2
11
63 35 83 91 22 71 92 44 17 22 21 
0 0 1 0 0 0 1 0 0 0 0 
137 2 3
11
14 89 85 30 85 90 64 1 84 22 26 
0 0 1 0 0 0 1 0 0 0 0 
79 3 5
11
91 8 100 79 45 45 46 44 33 22 60 
0 0 1 0 0 0 1 0 0 0 0 
127 3 3
11
19 30 41 60 41 40 92 31 55 36 38 
0 0 1 0 0 0 1 0 0 0 0 
50 5 2
11
19 92 76 72 95 92 39 1 46 60 20 
0 0 1 0 0 0 1 0 0 0 0 
112 4 5
11
18 23 61 95 42 9 60 55 10 34 2 
0 0 1 0 0 0 1 0 0 0 0 
84 4 2
11
86 44 26 96 29 100 85 18 96 45 93 
0 0 1 0 0 0 1 0 0 0 0 
73 3 2
11
80 50 41 53 50 17 28 43 44 76 12 
0 0 1 0 0 0 1 0 0 0 0 
141 5 2
11
89 42 53 99 81 40 72 62 74 5 40 
0 0 1 0 0 0 1 0 0 0 0 
127 4 3
11
53 46 76 6 55 67 56 28 32 30 19 
0 0 1 0 0 0 1 0 0 0 0 
88 2 2
11
3 35 5 74 94 0 45 2 50 57 18 
0 0 1 0 0 0 1 0 0 0 0 
138 3 4
11
47 97 94 20 38 15 82 56 36 22 91 
0 0 1 0 0 0 1 0 0 0 0 
52 2 3
11
45 98 22 97 23 60 20 71 41 53 19 
0 0 1 0 0 0 1 0 0 0 0 
109 4 2
11
6 53 14 12 27 39 42 88 43 40 31 
0 0 1 0 0 0 1 0 0 0 0 
143 2 4
11
34 31 77 21 67 55 26 43 71 74 15 
0 0 1 0 0 0 1 0 0 0 0 
120 2 2
11
82 30 71 51 38 54 72 93 33 16 26 
0 0 1 0 0 0 1 0 0 0 0 
81 3 4
11
77 88 1 3 45 82 63 23 77 82 10 
0 0 1 0 0 0 1 0 0 0 0 
80 2 2
11
58 8 31 62 28 60 96 87 57 64 45 
0 0 1 0 0 0 1 0 0 0 0 
134 5 5
11
74 82 59 70 58 28 0 4 7 25 30 
0 0 1 0 0 0 1 0 0 0 0 
138 2 3
11
49 42 15 33 22 17 0 92 80 60 42 
0 0 1 0 0 0 1 0 0 0 0 
53 3 4
11
80 66 88 52 36 82 46 90 65 57 37 
0 0 1 0 0 0 1 0 0 0 0 
143 4 4
11
28 13 30 45 91 91 61 30 92 73 91 
0 0 1 0 0 0 1 0 0 0 0 
140 4 3
11
41 3 33 9 65 66 18 88 37 30 39 
0 0 1 0 0 0 1 0 0 0 0 
90 3 2
11
38 1 100 22 37 87 41 12 69 24 0 
0 0 1 0 0 0 1 0 0 0 0 
136 5 2
11
51 100 61 11 64 26 89 18 85 2 37 
0 0 1 0 0 0 1 0 0 0 0 
121 3 4
11
19 42 37 81 87 33 0 97 97 54 19 
0 0 1 0 0 0 1 0 0 0 0 
94 3 2
11
83 86 35 39 44 77 58 80 81 2 81 
0 0 1 0 0 0 1 0 0 0 0 
61 5 4
11
72 38 54 83 33 95 61 1 26 28 26 
0 0 1 0 0 0 1 0 0 0 0 
138 3 2
11
38 24 56 53 81 35 61 74 56 93 98 
0 0 1 0 0 0 1 0 0 0 0 
89 3 2
11
8 31 1 36 27 92 16 25 65 69 61 
0 0 1 0 0 0 1 0 0 0 0 
87 4 4
11
63 44 45 90 66 83 54 69 94 4 96 
0 0 1 0 0 0 1 0 0 0 0 
64 4 4
11
95 52 6 26 8 27 2 18 34 18 65 
0 0 1 0 0 0 1 0 0 0 0 
119 5 3
11
5 12 37 47 69 21 4 53 71 21 0 
0 0 1 0 0 0 1 0 0 0 0 
148 3 2
11
92 98 62 14 54 77 27 27 8 49 85 
0 0 1 0 0 0 1 0 0 0 0 
133 4 2
11
70 7 20 45 13 11 88 76 11 21 27 
0 0 1 0 0 0 1 0 0 0 0 
94 4 5
11
20 83 81 81 99 73 77 30 94 82 99 
0 0 1 0 0 0 1 0 0 0 0 
150 2 5
11
67 6 97 34 37 25 70 78 80 74 82 
0 0 1 0 0 0 1 0 0 0 0 
65 3 2
11
88 69 46 41 72 64 42 90 74 81 57 
0 0 1 0 0 0 1 0 0 0 0 
111 3 3
11
63 52 100 3 4 23 38 75 73 74 46 
0 0 1 0 0 0 1 0 0 0 0 
115 5 4
11
43 75 59 18 32 77 83 36 42 32 51 
0 0 1 0 0 0 1 0 0 0 0 
126 4 3
11
26 2 7 80 63 9 48 97 56 39 16 
0 0 1 0 0 0 1 0 0 0 0 
95 4 2
11
45 11 52 48 78 97 62 99 54 67 27 
0 0 1 0 0 0 1 0 0 0 0 
124 3 2
11
97 70 12 27 43 64 11 18 67 24 59 
0 0 1 0 0 0 1 0 0 0 0 
71 2 4
11
86 23 65 9 47 48 43 23 66 8 99 
0 0 1 0 0 0 1 0 0 0 0 
51 2 5
11
32 12 78 40 50 83 31 63 39 13 55 
0 0 1 0 0 0 1 0 0 0 0 
96 4 5
11
59 87 19 42 73 99 6 73 10 99 22 
0 0 1 0 0 0 1 0 0 0 0 
140 3 2
11
97 64 82 27 97 1 82 30 39 16 0 
0 0 1 0 0 0 1 0 0 0 0 
130 4 4
11
6 53 75 79 29 92 17 53 61 44 34 
0 0 1 0 0 0 1 0 0 0 0 
82 3 5
11
23 12 19 43 55 16 20 65 54 84 95 
0 0 1 0 0 0 1 0 0 0 0 
131 5 4
11
94 33 15 26 78 44 18 67 72 7 42 
0 0 1 0 0 0 1 0 0 0 0 
57 2 5
11
12 43 91 5 71 72 8 86 85 10 58 
0 0 1 0 0 0 1 0 0 0 0 
69 2 2
11
24 6 44 12 44 13 2 7 40 59 1 
0 0 1 0 0 0 1 0 0 0 0 
65 3 3
11
78 36 45 22 34 10 97 20 36 64 87 
0 0 1 0 0 0 1 0 0 0 0 
61 5 4
11
47 46 6 10 8 92 32 26 42 36 24 
0 0 1 0 0 0 1 0 0 0 0 
90 3 2
11
39 80 5 96 41 59 88 33 4 74 49 
0 0 1 0 0 0 1 0 0 0 0 
64 4 4
11
27 57 74 61 62 19 63 30 15 99 11 
0 0 1 0 0 0 1 0 0 0 0 
57 3 3
11
11 74 55 90 84 80 29 42 56 47 26 
0 0 1 0 0 0 1 0 0 0 0 
65 5 5
11
66 24 95 42 77 66 70 38 27 0 9 
0 0 1 0 0 0 1 0 0 0 0 
88 5 4
11
69 18 25 91 54 60 42 10 91 9 97 
0 0 1 0 0 0 1 0 0 0 0 
100 2 5
11
82 77 13 49 55 34 55 87 95 37 57 
0 0 1 0 0 0 1 0 0 0 0 
64 2 4
11
61 14 31 44 60 87 28 35 35 76 60 
0 0 1 0 0 0 1 0 0 0 0 
71 5 4
11
79 81 61 43 31 51 77 88 19 31 87 
0 0 1 0 0 0 1 0 0 0 0 
83 3 4
11
47 1 72 38 80 83 98 36 69 46 14 
0 0 1 0 0 0 1 0 0 0 0 
109 5 3
11
58 43 42 32 18 8 63 82 11 37 14 
0 0 1 0 0 0 1 0 0 0 0 
113 5 5
11
73 46 74 25 81 49 1 91 62 49 43 
0 0 1 0 0 0 1 0 0 0 0 
131 4 4
11
68 27 10 65 71 65 10 23 5 45 8 
0 0 1 0 0 0 1 0 0 0 0 
67 2 4
11
47 75 41 24 70 2 80 78 66 97 71 
0 0 1 0 0 0 1 0 0 0 0 
67 3 5
11
55 24 98 15 15 48 50 49 22 14 41 
0 0 1 0 0 0 1 0 0 0 0 
145 4 5
11
87 24 35 41 52 89 91 9 14 93 41 
0 0 1 0 0 0 1 0 0 0 0 
137 2 2
11
4 52 40 49 54 91 28 84 60 49 50 
0 0 1 0 0 0 1 0 0 0 0 
122 4 4
11
5 48 41 3 94 29 87 54 19 19 56 
0 0 1 0 0 0 1 0 0 0 0 
84 2 4
11
41 76 33 34 21 62 68 53 74 32 42 
0 0 1 0 0 0 1 0 0 0 0 
84 4 5
11
16 23 69 23 27 5 16 17 69 32 88 
0 0 1 0 0 0 1 0 0 0 0 
76 3 2
11
96 57 83 35 92 19 79 97 64 74 80 
0 0 1 0 0 0 1 0 0 0 0 
89 5 3
11
22 35 100 42 17 6 2 60 15 22 30 
0 0 1 0 0 0 1 0 0 0 0 
141 3 3
11
53 7 24 85 49 58 14 83 92 57 62 
0 0 1 0 0 0 1 0 0 0 0 
54 4 3
11
66 28 77 19 68 48 17 30 42 39 24 
0 0 1 0 0 0 1 0 0 0 0 
85 4 2
